IJ  E00  n00   NumNP  NumEl NMAt  BC  GasBCTop   GasBCBottom
 7 1   1  392   330  0  -2   -4   1
x(j): 
 0  0.75  1.79999995231628  3.26999998092651  5.32800006866455  8.20919990539551  12.5 
y(i): 1->(NumNP-n00)/IJ+1
 180  179  177.8  176.36  174.632 
 172.5  168 
 165  162 
 157.5  153 
 150  147  143.97  140.9097  137.8188 
 135  130.92  126.6  123 
 120  117  113.97  110.9097  107.8188 
 105  100.92  96.6  93 
 90  87  83.97  80.9097  77.81879 
 75.00001  70.92  66.6  63 
 60  57  53.97  50.9097  47.8188 
 45  40.92  36.6  33 
 30  27  23.97  20.9097  17.8188 
 15  10.92  6.6  3 
