***************** GRID GENERATOR INFORMATION **********************************************
KAT   NumNP    NumEl   NumBP    IJ   NumMat
  2     392     330      14      7      0
   n           x          y      MatNum
    1        0.00      180.00       1
    2        0.75      180.00       1
    3        1.80      180.00       1
    4        3.27      180.00       1
    5        5.33      180.00       1
    6        8.21      180.00       1
    7       12.50      180.00       1
    8        0.00      179.00       1
    9        0.75      179.00       1
   10        1.80      179.00       1
   11        3.27      179.00       1
   12        5.33      179.00       1
   13        8.21      179.00       1
   14       12.50      179.00       1
   15        0.00      177.80       1
   16        0.75      177.80       1
   17        1.80      177.80       1
   18        3.27      177.80       1
   19        5.33      177.80       1
   20        8.21      177.80       1
   21       12.50      177.80       1
   22        0.00      176.36       1
   23        0.75      176.36       1
   24        1.80      176.36       1
   25        3.27      176.36       1
   26        5.33      176.36       1
   27        8.21      176.36       1
   28       12.50      176.36       1
   29        0.00      174.63       1
   30        0.75      174.63       1
   31        1.80      174.63       1
   32        3.27      174.63       1
   33        5.33      174.63       1
   34        8.21      174.63       1
   35       12.50      174.63       1
   36        0.00      172.50       1
   37        0.75      172.50       1
   38        1.80      172.50       1
   39        3.27      172.50       1
   40        5.33      172.50       1
   41        8.21      172.50       1
   42       12.50      172.50       1
   43        0.00      168.00       1
   44        0.75      168.00       1
   45        1.80      168.00       1
   46        3.27      168.00       1
   47        5.33      168.00       1
   48        8.21      168.00       1
   49       12.50      168.00       1
   50        0.00      165.00       1
   51        0.75      165.00       1
   52        1.80      165.00       1
   53        3.27      165.00       1
   54        5.33      165.00       1
   55        8.21      165.00       1
   56       12.50      165.00       1
   57        0.00      162.00       1
   58        0.75      162.00       1
   59        1.80      162.00       1
   60        3.27      162.00       1
   61        5.33      162.00       1
   62        8.21      162.00       1
   63       12.50      162.00       1
   64        0.00      157.50       1
   65        0.75      157.50       1
   66        1.80      157.50       1
   67        3.27      157.50       1
   68        5.33      157.50       1
   69        8.21      157.50       1
   70       12.50      157.50       1
   71        0.00      153.00       1
   72        0.75      153.00       1
   73        1.80      153.00       1
   74        3.27      153.00       1
   75        5.33      153.00       1
   76        8.21      153.00       1
   77       12.50      153.00       1
   78        0.00      150.00       1
   79        0.75      150.00       1
   80        1.80      150.00       1
   81        3.27      150.00       1
   82        5.33      150.00       1
   83        8.21      150.00       1
   84       12.50      150.00       1
   85        0.00      147.00       1
   86        0.75      147.00       1
   87        1.80      147.00       1
   88        3.27      147.00       1
   89        5.33      147.00       1
   90        8.21      147.00       1
   91       12.50      147.00       1
   92        0.00      143.97       1
   93        0.75      143.97       1
   94        1.80      143.97       1
   95        3.27      143.97       1
   96        5.33      143.97       1
   97        8.21      143.97       1
   98       12.50      143.97       1
   99        0.00      140.91       1
  100        0.75      140.91       1
  101        1.80      140.91       1
  102        3.27      140.91       1
  103        5.33      140.91       1
  104        8.21      140.91       1
  105       12.50      140.91       1
  106        0.00      137.82       1
  107        0.75      137.82       1
  108        1.80      137.82       1
  109        3.27      137.82       1
  110        5.33      137.82       1
  111        8.21      137.82       1
  112       12.50      137.82       1
  113        0.00      135.00       1
  114        0.75      135.00       1
  115        1.80      135.00       1
  116        3.27      135.00       1
  117        5.33      135.00       1
  118        8.21      135.00       1
  119       12.50      135.00       1
  120        0.00      130.92       1
  121        0.75      130.92       1
  122        1.80      130.92       1
  123        3.27      130.92       1
  124        5.33      130.92       1
  125        8.21      130.92       1
  126       12.50      130.92       1
  127        0.00      126.60       1
  128        0.75      126.60       1
  129        1.80      126.60       1
  130        3.27      126.60       1
  131        5.33      126.60       1
  132        8.21      126.60       1
  133       12.50      126.60       1
  134        0.00      123.00       1
  135        0.75      123.00       1
  136        1.80      123.00       1
  137        3.27      123.00       1
  138        5.33      123.00       1
  139        8.21      123.00       1
  140       12.50      123.00       1
  141        0.00      120.00       1
  142        0.75      120.00       1
  143        1.80      120.00       1
  144        3.27      120.00       1
  145        5.33      120.00       1
  146        8.21      120.00       1
  147       12.50      120.00       1
  148        0.00      117.00       1
  149        0.75      117.00       1
  150        1.80      117.00       1
  151        3.27      117.00       1
  152        5.33      117.00       1
  153        8.21      117.00       1
  154       12.50      117.00       1
  155        0.00      113.97       1
  156        0.75      113.97       1
  157        1.80      113.97       1
  158        3.27      113.97       1
  159        5.33      113.97       1
  160        8.21      113.97       1
  161       12.50      113.97       1
  162        0.00      110.91       1
  163        0.75      110.91       1
  164        1.80      110.91       1
  165        3.27      110.91       1
  166        5.33      110.91       1
  167        8.21      110.91       1
  168       12.50      110.91       1
  169        0.00      107.82       1
  170        0.75      107.82       1
  171        1.80      107.82       1
  172        3.27      107.82       1
  173        5.33      107.82       1
  174        8.21      107.82       1
  175       12.50      107.82       1
  176        0.00      105.00       1
  177        0.75      105.00       1
  178        1.80      105.00       1
  179        3.27      105.00       1
  180        5.33      105.00       1
  181        8.21      105.00       1
  182       12.50      105.00       1
  183        0.00      100.92       1
  184        0.75      100.92       1
  185        1.80      100.92       1
  186        3.27      100.92       1
  187        5.33      100.92       1
  188        8.21      100.92       1
  189       12.50      100.92       1
  190        0.00       96.60       1
  191        0.75       96.60       1
  192        1.80       96.60       1
  193        3.27       96.60       1
  194        5.33       96.60       1
  195        8.21       96.60       1
  196       12.50       96.60       1
  197        0.00       93.00       1
  198        0.75       93.00       1
  199        1.80       93.00       1
  200        3.27       93.00       1
  201        5.33       93.00       1
  202        8.21       93.00       1
  203       12.50       93.00       1
  204        0.00       90.00       1
  205        0.75       90.00       1
  206        1.80       90.00       1
  207        3.27       90.00       1
  208        5.33       90.00       1
  209        8.21       90.00       1
  210       12.50       90.00       1
  211        0.00       87.00       1
  212        0.75       87.00       1
  213        1.80       87.00       1
  214        3.27       87.00       1
  215        5.33       87.00       1
  216        8.21       87.00       1
  217       12.50       87.00       1
  218        0.00       83.97       1
  219        0.75       83.97       1
  220        1.80       83.97       1
  221        3.27       83.97       1
  222        5.33       83.97       1
  223        8.21       83.97       1
  224       12.50       83.97       1
  225        0.00       80.91       1
  226        0.75       80.91       1
  227        1.80       80.91       1
  228        3.27       80.91       1
  229        5.33       80.91       1
  230        8.21       80.91       1
  231       12.50       80.91       1
  232        0.00       77.82       1
  233        0.75       77.82       1
  234        1.80       77.82       1
  235        3.27       77.82       1
  236        5.33       77.82       1
  237        8.21       77.82       1
  238       12.50       77.82       1
  239        0.00       75.00       1
  240        0.75       75.00       1
  241        1.80       75.00       1
  242        3.27       75.00       1
  243        5.33       75.00       1
  244        8.21       75.00       1
  245       12.50       75.00       1
  246        0.00       70.92       1
  247        0.75       70.92       1
  248        1.80       70.92       1
  249        3.27       70.92       1
  250        5.33       70.92       1
  251        8.21       70.92       1
  252       12.50       70.92       1
  253        0.00       66.60       1
  254        0.75       66.60       1
  255        1.80       66.60       1
  256        3.27       66.60       1
  257        5.33       66.60       1
  258        8.21       66.60       1
  259       12.50       66.60       1
  260        0.00       63.00       1
  261        0.75       63.00       1
  262        1.80       63.00       1
  263        3.27       63.00       1
  264        5.33       63.00       1
  265        8.21       63.00       1
  266       12.50       63.00       1
  267        0.00       60.00       1
  268        0.75       60.00       1
  269        1.80       60.00       1
  270        3.27       60.00       1
  271        5.33       60.00       1
  272        8.21       60.00       1
  273       12.50       60.00       1
  274        0.00       57.00       1
  275        0.75       57.00       1
  276        1.80       57.00       1
  277        3.27       57.00       1
  278        5.33       57.00       1
  279        8.21       57.00       1
  280       12.50       57.00       1
  281        0.00       53.97       1
  282        0.75       53.97       1
  283        1.80       53.97       1
  284        3.27       53.97       1
  285        5.33       53.97       1
  286        8.21       53.97       1
  287       12.50       53.97       1
  288        0.00       50.91       1
  289        0.75       50.91       1
  290        1.80       50.91       1
  291        3.27       50.91       1
  292        5.33       50.91       1
  293        8.21       50.91       1
  294       12.50       50.91       1
  295        0.00       47.82       1
  296        0.75       47.82       1
  297        1.80       47.82       1
  298        3.27       47.82       1
  299        5.33       47.82       1
  300        8.21       47.82       1
  301       12.50       47.82       1
  302        0.00       45.00       1
  303        0.75       45.00       1
  304        1.80       45.00       1
  305        3.27       45.00       1
  306        5.33       45.00       1
  307        8.21       45.00       1
  308       12.50       45.00       1
  309        0.00       40.92       1
  310        0.75       40.92       1
  311        1.80       40.92       1
  312        3.27       40.92       1
  313        5.33       40.92       1
  314        8.21       40.92       1
  315       12.50       40.92       1
  316        0.00       36.60       1
  317        0.75       36.60       1
  318        1.80       36.60       1
  319        3.27       36.60       1
  320        5.33       36.60       1
  321        8.21       36.60       1
  322       12.50       36.60       1
  323        0.00       33.00       1
  324        0.75       33.00       1
  325        1.80       33.00       1
  326        3.27       33.00       1
  327        5.33       33.00       1
  328        8.21       33.00       1
  329       12.50       33.00       1
  330        0.00       30.00       1
  331        0.75       30.00       1
  332        1.80       30.00       1
  333        3.27       30.00       1
  334        5.33       30.00       1
  335        8.21       30.00       1
  336       12.50       30.00       1
  337        0.00       27.00       1
  338        0.75       27.00       1
  339        1.80       27.00       1
  340        3.27       27.00       1
  341        5.33       27.00       1
  342        8.21       27.00       1
  343       12.50       27.00       1
  344        0.00       23.97       1
  345        0.75       23.97       1
  346        1.80       23.97       1
  347        3.27       23.97       1
  348        5.33       23.97       1
  349        8.21       23.97       1
  350       12.50       23.97       1
  351        0.00       20.91       1
  352        0.75       20.91       1
  353        1.80       20.91       1
  354        3.27       20.91       1
  355        5.33       20.91       1
  356        8.21       20.91       1
  357       12.50       20.91       1
  358        0.00       17.82       1
  359        0.75       17.82       1
  360        1.80       17.82       1
  361        3.27       17.82       1
  362        5.33       17.82       1
  363        8.21       17.82       1
  364       12.50       17.82       1
  365        0.00       15.00       1
  366        0.75       15.00       1
  367        1.80       15.00       1
  368        3.27       15.00       1
  369        5.33       15.00       1
  370        8.21       15.00       1
  371       12.50       15.00       1
  372        0.00       10.92       1
  373        0.75       10.92       1
  374        1.80       10.92       1
  375        3.27       10.92       1
  376        5.33       10.92       1
  377        8.21       10.92       1
  378       12.50       10.92       1
  379        0.00        6.60       1
  380        0.75        6.60       1
  381        1.80        6.60       1
  382        3.27        6.60       1
  383        5.33        6.60       1
  384        8.21        6.60       1
  385       12.50        6.60       1
  386        0.00        3.00       1
  387        0.75        3.00       1
  388        1.80        3.00       1
  389        3.27        3.00       1
  390        5.33        3.00       1
  391        8.21        3.00       1
  392       12.50        3.00       1
***************** ELEMENT INFORMATION ******************************************************
         e         i         j         k         l     MatNumE
         1         1         8         9         2         1
         2         2         9        10         3         1
         3         3        10        11         4         1
         4         4        11        12         5         1
         5         5        12        13         6         1
         6         6        13        14         7         1
         7         8        15        16         9         1
         8         9        16        17        10         1
         9        10        17        18        11         1
        10        11        18        19        12         1
        11        12        19        20        13         1
        12        13        20        21        14         1
        13        15        22        23        16         1
        14        16        23        24        17         1
        15        17        24        25        18         1
        16        18        25        26        19         1
        17        19        26        27        20         1
        18        20        27        28        21         1
        19        22        29        30        23         1
        20        23        30        31        24         1
        21        24        31        32        25         1
        22        25        32        33        26         1
        23        26        33        34        27         1
        24        27        34        35        28         1
        25        29        36        37        30         1
        26        30        37        38        31         1
        27        31        38        39        32         1
        28        32        39        40        33         1
        29        33        40        41        34         1
        30        34        41        42        35         1
        31        36        43        44        37         1
        32        37        44        45        38         1
        33        38        45        46        39         1
        34        39        46        47        40         1
        35        40        47        48        41         1
        36        41        48        49        42         1
        37        43        50        51        44         1
        38        44        51        52        45         1
        39        45        52        53        46         1
        40        46        53        54        47         1
        41        47        54        55        48         1
        42        48        55        56        49         1
        43        50        57        58        51         1
        44        51        58        59        52         1
        45        52        59        60        53         1
        46        53        60        61        54         1
        47        54        61        62        55         1
        48        55        62        63        56         1
        49        57        64        65        58         1
        50        58        65        66        59         1
        51        59        66        67        60         1
        52        60        67        68        61         1
        53        61        68        69        62         1
        54        62        69        70        63         1
        55        64        71        72        65         1
        56        65        72        73        66         1
        57        66        73        74        67         1
        58        67        74        75        68         1
        59        68        75        76        69         1
        60        69        76        77        70         1
        61        71        78        79        72         1
        62        72        79        80        73         1
        63        73        80        81        74         1
        64        74        81        82        75         1
        65        75        82        83        76         1
        66        76        83        84        77         1
        67        78        85        86        79         1
        68        79        86        87        80         1
        69        80        87        88        81         1
        70        81        88        89        82         1
        71        82        89        90        83         1
        72        83        90        91        84         1
        73        85        92        93        86         1
        74        86        93        94        87         1
        75        87        94        95        88         1
        76        88        95        96        89         1
        77        89        96        97        90         1
        78        90        97        98        91         1
        79        92        99       100        93         1
        80        93       100       101        94         1
        81        94       101       102        95         1
        82        95       102       103        96         1
        83        96       103       104        97         1
        84        97       104       105        98         1
        85        99       106       107       100         1
        86       100       107       108       101         1
        87       101       108       109       102         1
        88       102       109       110       103         1
        89       103       110       111       104         1
        90       104       111       112       105         1
        91       106       113       114       107         1
        92       107       114       115       108         1
        93       108       115       116       109         1
        94       109       116       117       110         1
        95       110       117       118       111         1
        96       111       118       119       112         1
        97       113       120       121       114         1
        98       114       121       122       115         1
        99       115       122       123       116         1
       100       116       123       124       117         1
       101       117       124       125       118         1
       102       118       125       126       119         1
       103       120       127       128       121         1
       104       121       128       129       122         1
       105       122       129       130       123         1
       106       123       130       131       124         1
       107       124       131       132       125         1
       108       125       132       133       126         1
       109       127       134       135       128         1
       110       128       135       136       129         1
       111       129       136       137       130         1
       112       130       137       138       131         1
       113       131       138       139       132         1
       114       132       139       140       133         1
       115       134       141       142       135         1
       116       135       142       143       136         1
       117       136       143       144       137         1
       118       137       144       145       138         1
       119       138       145       146       139         1
       120       139       146       147       140         1
       121       141       148       149       142         1
       122       142       149       150       143         1
       123       143       150       151       144         1
       124       144       151       152       145         1
       125       145       152       153       146         1
       126       146       153       154       147         1
       127       148       155       156       149         1
       128       149       156       157       150         1
       129       150       157       158       151         1
       130       151       158       159       152         1
       131       152       159       160       153         1
       132       153       160       161       154         1
       133       155       162       163       156         1
       134       156       163       164       157         1
       135       157       164       165       158         1
       136       158       165       166       159         1
       137       159       166       167       160         1
       138       160       167       168       161         1
       139       162       169       170       163         1
       140       163       170       171       164         1
       141       164       171       172       165         1
       142       165       172       173       166         1
       143       166       173       174       167         1
       144       167       174       175       168         1
       145       169       176       177       170         1
       146       170       177       178       171         1
       147       171       178       179       172         1
       148       172       179       180       173         1
       149       173       180       181       174         1
       150       174       181       182       175         1
       151       176       183       184       177         1
       152       177       184       185       178         1
       153       178       185       186       179         1
       154       179       186       187       180         1
       155       180       187       188       181         1
       156       181       188       189       182         1
       157       183       190       191       184         1
       158       184       191       192       185         1
       159       185       192       193       186         1
       160       186       193       194       187         1
       161       187       194       195       188         1
       162       188       195       196       189         1
       163       190       197       198       191         1
       164       191       198       199       192         1
       165       192       199       200       193         1
       166       193       200       201       194         1
       167       194       201       202       195         1
       168       195       202       203       196         1
       169       197       204       205       198         1
       170       198       205       206       199         1
       171       199       206       207       200         1
       172       200       207       208       201         1
       173       201       208       209       202         1
       174       202       209       210       203         1
       175       204       211       212       205         1
       176       205       212       213       206         1
       177       206       213       214       207         1
       178       207       214       215       208         1
       179       208       215       216       209         1
       180       209       216       217       210         1
       181       211       218       219       212         1
       182       212       219       220       213         1
       183       213       220       221       214         1
       184       214       221       222       215         1
       185       215       222       223       216         1
       186       216       223       224       217         1
       187       218       225       226       219         1
       188       219       226       227       220         1
       189       220       227       228       221         1
       190       221       228       229       222         1
       191       222       229       230       223         1
       192       223       230       231       224         1
       193       225       232       233       226         1
       194       226       233       234       227         1
       195       227       234       235       228         1
       196       228       235       236       229         1
       197       229       236       237       230         1
       198       230       237       238       231         1
       199       232       239       240       233         1
       200       233       240       241       234         1
       201       234       241       242       235         1
       202       235       242       243       236         1
       203       236       243       244       237         1
       204       237       244       245       238         1
       205       239       246       247       240         1
       206       240       247       248       241         1
       207       241       248       249       242         1
       208       242       249       250       243         1
       209       243       250       251       244         1
       210       244       251       252       245         1
       211       246       253       254       247         1
       212       247       254       255       248         1
       213       248       255       256       249         1
       214       249       256       257       250         1
       215       250       257       258       251         1
       216       251       258       259       252         1
       217       253       260       261       254         1
       218       254       261       262       255         1
       219       255       262       263       256         1
       220       256       263       264       257         1
       221       257       264       265       258         1
       222       258       265       266       259         1
       223       260       267       268       261         1
       224       261       268       269       262         1
       225       262       269       270       263         1
       226       263       270       271       264         1
       227       264       271       272       265         1
       228       265       272       273       266         1
       229       267       274       275       268         1
       230       268       275       276       269         1
       231       269       276       277       270         1
       232       270       277       278       271         1
       233       271       278       279       272         1
       234       272       279       280       273         1
       235       274       281       282       275         1
       236       275       282       283       276         1
       237       276       283       284       277         1
       238       277       284       285       278         1
       239       278       285       286       279         1
       240       279       286       287       280         1
       241       281       288       289       282         1
       242       282       289       290       283         1
       243       283       290       291       284         1
       244       284       291       292       285         1
       245       285       292       293       286         1
       246       286       293       294       287         1
       247       288       295       296       289         1
       248       289       296       297       290         1
       249       290       297       298       291         1
       250       291       298       299       292         1
       251       292       299       300       293         1
       252       293       300       301       294         1
       253       295       302       303       296         1
       254       296       303       304       297         1
       255       297       304       305       298         1
       256       298       305       306       299         1
       257       299       306       307       300         1
       258       300       307       308       301         1
       259       302       309       310       303         1
       260       303       310       311       304         1
       261       304       311       312       305         1
       262       305       312       313       306         1
       263       306       313       314       307         1
       264       307       314       315       308         1
       265       309       316       317       310         1
       266       310       317       318       311         1
       267       311       318       319       312         1
       268       312       319       320       313         1
       269       313       320       321       314         1
       270       314       321       322       315         1
       271       316       323       324       317         1
       272       317       324       325       318         1
       273       318       325       326       319         1
       274       319       326       327       320         1
       275       320       327       328       321         1
       276       321       328       329       322         1
       277       323       330       331       324         1
       278       324       331       332       325         1
       279       325       332       333       326         1
       280       326       333       334       327         1
       281       327       334       335       328         1
       282       328       335       336       329         1
       283       330       337       338       331         1
       284       331       338       339       332         1
       285       332       339       340       333         1
       286       333       340       341       334         1
       287       334       341       342       335         1
       288       335       342       343       336         1
       289       337       344       345       338         1
       290       338       345       346       339         1
       291       339       346       347       340         1
       292       340       347       348       341         1
       293       341       348       349       342         1
       294       342       349       350       343         1
       295       344       351       352       345         1
       296       345       352       353       346         1
       297       346       353       354       347         1
       298       347       354       355       348         1
       299       348       355       356       349         1
       300       349       356       357       350         1
       301       351       358       359       352         1
       302       352       359       360       353         1
       303       353       360       361       354         1
       304       354       361       362       355         1
       305       355       362       363       356         1
       306       356       363       364       357         1
       307       358       365       366       359         1
       308       359       366       367       360         1
       309       360       367       368       361         1
       310       361       368       369       362         1
       311       362       369       370       363         1
       312       363       370       371       364         1
       313       365       372       373       366         1
       314       366       373       374       367         1
       315       367       374       375       368         1
       316       368       375       376       369         1
       317       369       376       377       370         1
       318       370       377       378       371         1
       319       372       379       380       373         1
       320       373       380       381       374         1
       321       374       381       382       375         1
       322       375       382       383       376         1
       323       376       383       384       377         1
       324       377       384       385       378         1
       325       379       386       387       380         1
       326       380       387       388       381         1
       327       381       388       389       382         1
       328       382       389       390       383         1
       329       383       390       391       384         1
       330       384       391       392       385         1
****************Boundary geometry information**************************************
    n  CodeW  CodeC  CodeH  CodeG  Width
    1 -4    0     -4    -4      0.38
    2 -4    0     -4    -4      0.90
    3 -4    0     -4    -4      1.26
    4 -4    0     -4    -4      1.76
    5 -4    0     -4    -4      2.47
    6 -4    0     -4    -4      3.59
    7 -4    0     -4    -4      2.15
  386   -2   0       1         1      0.38
  387   -2   0       1         1      0.90
  388   -2   0       1         1      1.26
  389   -2   0       1         1      1.76
  390   -2   0       1         1      2.47
  391   -2   0       1         1      3.59
  392   -2   0       1         1      2.15
***************************Seepage face information********************************************
NSeep
  1
NSP(1)
  7
NP(NSP,1)  NP(NSP,2)  NP(NSP,3) ...... NP(NSP,IJ-1)NP(NSP,IJ)
     386     387     388     389     390     391     392
***************************Drainage Boundaries******************************************
NDrain
0
